 29 28 28 39.40 47.80 47.43 19824 0.00 0.00 0.00     0 38.99 47.65 47.95  4851     0 1.612
 29 28 28 39.40 47.80 47.43 19824 0.00 0.00 0.00     0 38.37 45.80 45.96 20976     0 0.439
 29 28 28 39.40 47.80 47.43 19824 0.00 0.00 0.00     0 38.37 45.80 45.96 20976     0 0.430
 29 28 28 43.68 48.83 50.18 20672 0.00 0.00 0.00     0 38.57 45.93 46.13 20958     0 0.442
 29 28 28 43.68 48.83 50.18 20672 0.00 0.00 0.00     0 38.57 45.93 46.13 20958     0 0.441
 29 28 28 43.68 48.83 50.18 20672 0.00 0.00 0.00     0 38.57 45.93 46.13 20958     0 0.441
 29 28 28 39.40 47.80 47.43 19824 0.00 0.00 0.00     0 38.37 45.80 45.96 20976     0 0.444
 29 28 28 43.68 48.83 50.18 20672 0.00 0.00 0.00     0 38.57 45.93 46.13 20958     0 0.436
 29 28 28 43.68 48.83 50.18 20672 0.00 0.00 0.00     0 39.02 46.16 46.44 12771     0 2.012
 29 28 28 43.68 48.83 50.18 20672 0.00 0.00 0.00     0 39.02 46.16 46.44 12771     0 2.220
 29 28 28 43.68 48.83 50.18 20672 0.00 0.00 0.00     0 39.02 46.16 46.44 12771     0 2.271
 29 28 28 39.40 47.80 47.43 19824 0.00 0.00 0.00     0 38.94 46.36 46.48 12681     0 2.049
 29 28 28 43.68 48.83 50.18 20672 0.00 0.00 0.00     0 39.02 46.16 46.44 12771     0 1.914
