 29 28 28 36.57 47.87 47.45 20640 0.00 0.00 0.00     0 38.36 47.57 47.93  4842     0 1.245
 28 28 28 36.09 49.94 49.43 19592 0.00 0.00 0.00     0 38.78 48.57 49.22  4626     0 2.187
 28 28 28 39.14 49.94 49.43 19128 0.00 0.00 0.00     0 39.48 48.91 49.09  4425     0 2.138
 29 28 28 36.30 47.80 47.43 20344 0.00 0.00 0.00     0 37.72 45.80 45.97 21107     0 0.302
 29 28 28 37.76 48.83 50.18 21208 0.00 0.00 0.00     0 38.08 45.93 46.13 21039     0 0.306
 29 28 28 37.76 48.83 50.18 21208 0.00 0.00 0.00     0 38.08 45.93 46.13 21039     0 0.320
 29 28 28 37.76 48.83 50.18 21208 0.00 0.00 0.00     0 38.08 45.93 46.13 21039     0 0.304
 29 28 28 36.09 47.80 47.43 20456 0.00 0.00 0.00     0 37.95 45.80 45.96 21062     0 0.312
 29 28 28 37.76 48.83 50.18 21208 0.00 0.00 0.00     0 38.08 45.93 46.13 21039     0 0.311
 29 28 28 37.76 48.83 50.18 21208 0.00 0.00 0.00     0 38.08 45.93 46.13 21039     0 0.306
 29 28 28 37.76 48.83 50.18 21208 0.00 0.00 0.00     0 38.08 45.93 46.13 21039     0 0.307
 29 28 28 37.76 48.83 50.18 21208 0.00 0.00 0.00     0 38.08 45.93 46.13 21039     0 0.306
