 29 28 28 39.40 47.80 47.43 19824 0.00 0.00 0.00     0 38.99 47.65 47.95  4836     0 1.631
 29 28 28 39.40 47.80 47.43 19824 0.00 0.00 0.00     0 38.37 45.80 45.96 20976     0 0.436
 29 28 28 43.68 48.83 50.18 20672 0.00 0.00 0.00     0 38.57 45.93 46.13 20958     0 0.442
 29 28 28 43.68 48.83 50.18 20672 0.00 0.00 0.00     0 38.57 45.93 46.13 20958     0 0.441
 29 28 28 43.68 48.83 50.18 20672 0.00 0.00 0.00     0 38.57 45.93 46.13 20958     0 0.439
 29 28 28 39.40 47.80 47.43 19824 0.00 0.00 0.00     0 38.37 45.80 45.96 20976     0 0.441
 29 28 28 43.68 48.83 50.18 20672 0.00 0.00 0.00     0 38.57 45.93 46.13 20958     0 0.441
 29 28 28 43.68 48.83 50.18 20672 0.00 0.00 0.00     0 39.02 46.16 46.44 12746     0 1.943
 29 28 28 43.68 48.83 50.18 20672 0.00 0.00 0.00     0 39.02 46.16 46.44 12746     0 2.003
 29 28 28 43.68 48.83 50.18 20672 0.00 0.00 0.00     0 39.02 46.16 46.44 12746     0 2.043
 29 28 28 39.40 47.80 47.43 19824 0.00 0.00 0.00     0 38.94 46.36 46.48 12659     0 1.979
 29 28 28 43.68 48.83 50.18 20672 0.00 0.00 0.00     0 39.02 46.16 46.44 12746     0 1.979
