 29 28 28 39.40 47.80 47.43 19824 0.00 0.00 0.00     0 38.99 47.65 47.95  4775     0 1.643
 28 28 28 39.81 49.94 49.43 19040 0.00 0.00 0.00     0 39.65 48.84 48.89  4573     0 3.363
 28 28 28 39.81 49.94 49.43 19040 0.00 0.00 0.00     0 39.65 48.84 48.89  4573     0 3.326
 29 28 28 39.40 47.80 47.43 19824 0.00 0.00 0.00     0 38.37 45.80 45.96 20976     0 0.436
 29 28 28 39.40 47.80 47.43 19824 0.00 0.00 0.00     0 38.37 45.80 45.96 20976     0 0.444
 29 28 28 43.68 48.83 50.18 20672 0.00 0.00 0.00     0 38.57 45.93 46.13 20958     0 0.446
 29 28 28 43.68 48.83 50.18 20672 0.00 0.00 0.00     0 38.57 45.93 46.13 20958     0 0.440
 29 28 28 43.68 48.83 50.18 20672 0.00 0.00 0.00     0 38.57 45.93 46.13 20958     0 0.440
 29 28 28 39.40 47.80 47.43 19824 0.00 0.00 0.00     0 38.37 45.80 45.96 20976     0 0.442
 29 28 28 43.68 48.83 50.18 20672 0.00 0.00 0.00     0 38.57 45.93 46.13 20958     0 0.443
 29 28 28 43.68 48.83 50.18 20672 0.00 0.00 0.00     0 38.57 45.93 46.13 20958     0 0.442
 29 28 28 39.40 47.80 47.43 19824 0.00 0.00 0.00     0 38.37 45.80 45.96 20976     0 0.445
 29 28 28 43.68 48.83 50.18 20672 0.00 0.00 0.00     0 39.02 46.16 46.44 12690     0 1.943
 29 28 28 43.68 48.83 50.18 20672 0.00 0.00 0.00     0 39.02 46.16 46.44 12683     0 1.914
 29 28 28 43.68 48.83 50.18 20672 0.00 0.00 0.00     0 39.02 46.16 46.44 12683     0 1.979
 29 28 28 43.68 48.83 50.18 20672 0.00 0.00 0.00     0 39.02 46.16 46.44 12683     0 2.007
 29 28 28 39.40 47.80 47.43 19824 0.00 0.00 0.00     0 38.94 46.36 46.48 12594     0 2.302
 29 28 28 43.68 48.83 50.18 20672 0.00 0.00 0.00     0 39.02 46.16 46.44 12683     0 2.439
 29 28 28 43.68 48.83 50.18 20672 0.00 0.00 0.00     0 39.02 46.16 46.44 12690     0 1.951
 29 28 28 43.68 48.83 50.18 20672 0.00 0.00 0.00     0 39.02 46.16 46.44 12690     0 1.951
