 29 28 28 39.40 47.80 47.43 20784 0.00 0.00 0.00     0 38.99 47.65 47.95  4760     0 1.612
 29 28 28 39.40 47.80 47.43 20784 0.00 0.00 0.00     0 38.99 47.65 47.95  4760     0 1.619
 28 28 28 39.69 49.94 49.43 20616 0.00 0.00 0.00     0 39.51 49.02 49.23  4592     0 1.615
 28 28 28 45.03 53.18 53.51 20072 0.00 0.00 0.00     0 42.73 51.85 52.31  4259     0 1.578
 29 28 28 39.40 47.80 47.43 19912 0.00 0.00 0.00     0 38.99 47.65 47.95  4683     0 1.615
 29 28 28 39.40 47.80 47.43 19912 0.00 0.00 0.00     0 38.99 47.65 47.95  4683     0 1.674
 29 28 28 39.40 47.80 47.43 19912 0.00 0.00 0.00     0 38.99 47.65 47.95  4683     0 1.638
 29 28 28 39.40 47.80 47.43 20200 0.00 0.00 0.00     0 38.99 47.65 47.95  4693     0 1.657
 28 28 28 39.81 49.94 49.43 19112 0.00 0.00 0.00     0 39.65 48.84 48.89  4441     0 3.330
 28 28 28 39.81 49.94 49.43 19304 0.00 0.00 0.00     0 39.65 48.84 48.89  4448     0 3.303
 28 28 28 39.81 49.94 49.43 19880 0.00 0.00 0.00     0 39.65 48.84 48.89  4503     0 3.381
 28 28 28 39.81 49.94 49.43 19112 0.00 0.00 0.00     0 39.65 48.84 48.89  4441     0 3.334
 28 28 28 39.81 49.94 49.43 19112 0.00 0.00 0.00     0 39.65 48.84 48.89  4441     0 3.259
 29 28 28 39.40 47.80 47.43 19912 0.00 0.00 0.00     0 38.99 47.65 47.95  4683     0 3.283
 29 28 28 39.40 47.80 47.43 20904 0.00 0.00 0.00     0 38.77 46.92 47.17  4118     0 3.412
 29 28 28 39.40 47.80 47.43 20904 0.00 0.00 0.00     0 38.77 46.92 47.17  4118     0 3.510
 29 28 28 39.40 47.80 47.43 20904 0.00 0.00 0.00     0 38.37 45.80 45.96 21240     0 0.432
 29 28 28 43.68 48.83 50.18 20800 0.00 0.00 0.00     0 38.55 45.90 46.10 21695     0 0.455
182 28 28 39.40 47.80 47.43 20856 0.00 0.00 0.00     0 38.56 45.27 45.45 21147     0 0.447
 58 28 28 39.40 47.80 47.43 20856 0.00 0.00 0.00     0 38.40 45.72 45.88 21516     0 0.456
 41 28 28 39.40 47.80 47.43 20856 0.00 0.00 0.00     0 38.40 45.82 46.02 21596     0 0.457
 29 28 28 43.68 48.83 50.18 21528 0.00 0.00 0.00     0 38.57 45.93 46.13 21109     0 0.437
 29 28 28 39.40 47.80 47.43 20848 0.00 0.00 0.00     0 38.37 45.80 45.96 21132     0 0.445
 24 28 28 43.68 48.83 50.18 21528 0.00 0.00 0.00     0 38.67 46.04 46.24 21950     0 0.464
 29 28 28 43.68 48.83 50.18 21528 0.00 0.00 0.00     0 38.57 45.93 46.13 21109     0 0.437
 29 28 28 43.68 48.83 50.18 21528 0.00 0.00 0.00     0 38.57 45.93 46.13 21109     0 0.431
 29 28 28 43.68 48.83 50.18 21528 0.00 0.00 0.00     0 38.57 45.93 46.13 21109     0 0.435
 29 28 28 43.68 48.83 50.18 21528 0.00 0.00 0.00     0 38.57 45.93 46.13 21109     0 0.430
 29 28 28 39.40 47.80 47.43 20848 0.00 0.00 0.00     0 38.37 45.80 45.96 21132     0 0.439
 29 28 28 43.68 48.83 50.18 21528 0.00 0.00 0.00     0 38.57 45.93 46.13 21109     0 0.441
 29 28 28 43.68 48.83 50.18 21528 0.00 0.00 0.00     0 39.02 46.16 46.44 12767     0 1.928
 29 28 28 43.68 48.83 50.18 21528 0.00 0.00 0.00     0 39.02 46.16 46.44 12767     0 1.917
 29 28 28 43.68 48.83 50.18 21528 0.00 0.00 0.00     0 39.02 46.16 46.44 12767     0 1.904
 27 28 28 45.45 55.45 62.03 21608 0.00 0.00 0.00     0 44.14 51.21 52.37 12359     0 1.952
 27 28 28 45.45 55.45 62.03 21608 0.00 0.00 0.00     0 44.14 51.21 52.37 12359     0 2.088
 27 28 28 45.45 55.45 62.03 21608 0.00 0.00 0.00     0 44.14 51.21 52.37 12359     0 1.972
 29 28 28 43.68 48.83 50.18 21528 0.00 0.00 0.00     0 39.02 46.16 46.44 12767     0 1.917
 29 28 28 43.68 48.83 50.18 21528 0.00 0.00 0.00     0 39.02 46.16 46.44 12767     0 1.922
