 29  0 28 43.44 0.00 0.00     0 0.00 0.00 0.00     0 44.88 0.00 0.00     0 0.030
 29  0 28 37.35 65.08 68.67     0 0.00 0.00 0.00     0 38.74 50.55 50.42     0 0.028
 29  0 28 39.19 0.00 0.00     0 0.00 0.00 0.00     0 42.24 0.00 0.00     0 0.028
 29  0 28 43.44 0.00 0.00     0 0.00 0.00 0.00     0 44.88 0.00 0.00     0 0.029
 28  0 28 43.21 0.00 0.00     0 0.00 0.00 0.00     0 45.06 0.00 0.00     0 0.027
 28  0 28 51.95 0.00 0.00     0 0.00 0.00 0.00     0 54.83 0.00 0.00     0 0.026
 29  0 28 51.24 0.00 0.00     0 0.00 0.00 0.00     0 53.04 0.00 0.00     0 0.027
 29  0 28 7.49 5.50 6.51     0 0.00 0.00 0.00     0 7.62 5.48 6.50     0 0.075
 29  0 28 46.13 0.00 0.00     0 0.00 0.00 0.00     0 47.59 0.00 0.00     0 0.030
 28  0 28 52.50 0.00 0.00     0 0.00 0.00 0.00     0 54.77 0.00 0.00     0 0.051
 28  0 28 52.50 0.00 0.00     0 0.00 0.00 0.00     0 54.77 0.00 0.00     0 0.051
 28  0 28 48.36 0.00 0.00     0 0.00 0.00 0.00     0 49.29 0.00 0.00     0 0.052
 28  0 28 43.67 0.00 0.00     0 0.00 0.00 0.00     0 45.52 0.00 0.00     0 0.052
 28  0 28 52.50 0.00 0.00     0 0.00 0.00 0.00     0 54.77 0.00 0.00     0 0.053
 28  0 28 52.50 0.00 0.00     0 0.00 0.00 0.00     0 54.77 0.00 0.00     0 0.053
 28  0 28 52.50 0.00 0.00     0 0.00 0.00 0.00     0 54.77 0.00 0.00     0 0.052
 29  0 28 51.24 0.00 0.00     0 0.00 0.00 0.00     0 53.04 0.00 0.00     0 0.052
 29  0 28 43.52 0.00 0.00     0 0.00 0.00 0.00     0 45.48 0.00 0.00     0 0.051
 29  0 28 43.52 0.00 0.00     0 0.00 0.00 0.00     0 10.48 0.00 0.00     0 0.253
 29  0 28 44.34 0.00 0.00     0 0.00 0.00 0.00     0 7.61 0.00 0.00     0 0.211
 29  0 28 44.34 0.00 0.00     0 0.00 0.00 0.00     0 7.61 0.00 0.00     0 0.209
 29  0 28 44.34 0.00 0.00     0 0.00 0.00 0.00     0 7.61 0.00 0.00     0 0.220
 29  0 28 44.34 0.00 0.00     0 0.00 0.00 0.00     0 7.61 0.00 0.00     0 0.211
 29  0 28 28.81 47.49 47.07     0 0.00 0.00 0.00     0 29.22 47.13 46.32     0 0.213
 29  0 28 44.34 0.00 0.00     0 0.00 0.00 0.00     0 7.61 0.00 0.00     0 0.213
 29  0 28 28.81 47.49 47.07     0 0.00 0.00 0.00     0 29.22 47.13 46.32     0 0.213
 29  0 28 44.34 0.00 0.00     0 0.00 0.00 0.00     0 7.61 0.00 0.00     0 0.211
