6008808600880860088086008808600880860088086008808600880860088086008808600880860088086008808600880860088086008808
6008808600880860088086008808600880860088086008808600880860088086008808600880860088086008808600880860088086008808
6008808600880860088086008808600880860088086008808600880860088086008808600880860088086008808600880860088086008808
6008808600880860088086008808600880860088086008808600880860088086008808600880860088086008808600880860088086008808
6008808600880860088086008808600880860088086008808600880860088086008808600880860088086008808600880860088086008808
6008808600880860088086008808600880860088086008808600880860088086008808600880860088086008808600880860088086008808
6008808600880860088086008808600880860088086008808600880860088086008808600880860088086008808600880860088086008808
6008808600880860088086008808600880860088086008808600880860088086008808600880860088086008808600880860088086008808
6008808600880860088086008808600880860088086008808600880860088086008808600880860088086008808600880860088086008808
6008808600880860088086008808600880860088086008808600880860088086008808600880860088086008808600880860088086008808
6008808600880860088086008808600880860088086008808600880860088086008808600880860088086008808600880860088086008808
6008808600880860088086008808600880860088086008808600880860088086008808600880860088086008808600880860088086008808
6008808600880860088086008808600880860088086008808600880860088086008808600880860088086008808600880860088086008808
6008808600880860088086008808600880860088086008808600880860088086008808600880860088086008808600880860088086008808
6008808600880860088086008808600880860088086008808600880860088086008808600880860088086008808600880860088086008808
6008808600880860088086008808600880860088086008808600880860088086008808600880860088086008808600880860088086008808
6008808600880860088086008808600880860088086008808600880860088086008808600880860088086008808600880860088086008808
6008808600880860088086008808600880860088086008808600880860088086008808600880860088086008808600880860088086008808
6008808600880860088086008808600880860088086008808600880860088086008808600880860088086008808600880860088086008808
6008808600880860088086008808600880860088086008808600880860088086008808600880860088086008808600880860088086008808
6008808600880860088086008808600880860088086008808600880860088086008808600880860088086008808600880860088086008808
6008808600880860088086008808600880860088086008808600880860088086008808600880860088086008808600880860088086008808
6008808600880860088086008808600880860088086008808600880860088086008808600880860088086008808600880860088086008808
6008808600880860088086008808600880860088086008808600880860088086008808600880860088086008808600880860088086008808
6008808600880860088086008808600880860088086008808600880860088086008808600880860088086008808600880860088086008808
6008808600880860088086008808600880860088086008808600880860088086008808600880860088086008808600880860088086008808
6008808600880860088086008808600880860088086008808600880860088086008808600880860088086008808600880860088086008808
6008808600880860088086008808600880860088086008808600880860088086008808600880860088086008808600880860088086008808
6008808600880860088086008808600880860088086008808600880860088086008808600880860088086008808600880860088086008808
6008808600880860088086008808600880860088086008808600880860088086008808600880860088086008808600880860088086008808
6008808600880860088086008808600880860088086008808600880860088086008808600880860088086008808600880860088086008808
6008808600880860088086008808600880860088086008808600880860088086008808600880860088086008808600880860088086008808
6008808600880860088086008808600880860088086008808600880860088086008808600880860088086008808600880860088086008808
6008808600880860088086008808600880860088086008808600880860088086008808600880860088086008808600880860088086008808
6008808600880860088086008808600880860088086008808600880860088086008808600880860088086008808600880860088086008808
6008808600880860088086008808600880860088086008808600880860088086008808600880860088086008808600880860088086